111001111111101111111111111111
101001001011111010100001111111
111001111111001111111001111001
001111111111
000001111010
001011111111
111001111111101010111111111111
101001100011111111001001111111
111001111111001010111001111001
010111111100
111101011100
010111110100
2
6
5 0 1 4
1 2 5 6
0 0 3 1
5 2 5 5
3 2 3 4
4 1 4 5
5
2 1 2 6
5 1 5 6
0 2 6 2
0 5 6 5
0 0 6 6


4
0.0 0.0
2.0 1.0
2.0 2.0
1.0 0.0
3
0.00 0.00
1.50 0.50
2.00 2.00
10
evi 8
vta 9
co 1
dev 5
vit 6
odv 2
d 3
de 4
itaa 1
a 7
codevita
8
lo 2
wor 3
hel 3
orld 4
lowor 3
ello 4
orl 3
orld 2
helloworld






